17,17,3
2000
300
30,15
000,000,000,000,000,000,000,000,000,000,000,000,000,000,000,000,000
000,000,000,SAW,000,000,000,000,000,000,000,000,000,000,000,000,000
000,000,000,SAW,000,000,000,000,000,000,000,000,000,000,000,000,000
000,000,000,CAW,SAS,IBW,000,000,000,000,000,IAS,SAS,IAW,000,000,000
000,000,000,GAN,GAN,SAW,000,000,000,000,000,SAE,GAN,SAW,000,000,000
000,000,000,WAN,GCN,SAW,000,000,000,000,000,SAE,GFN,SAW,000,000,000
000,000,000,GFS,GAN,CBW,SAS,SAS,SBS,SAS,SAS,CAS,WAN,SAW,000,000,000
000,000,000,GAN,BAN,GAN,GAN,GAN,GAN,GAN,GAN,GDS,GAN,SAW,000,000,000
000,000,000,GAN,PAE,GAN,GAN,GAN,GAN,GAN,GAN,PBW,GAN,SAW,000,000,000
000,000,000,GAN,BAS,GAN,GAN,GAN,GAN,GAN,GAN,GAN,GFS,SAW,000,000,000
000,000,000,WAN,GAN,CAN,SAN,SAN,SAN,SAN,SAN,CAE,GAN,SAW,000,000,000
000,000,000,GAN,GEE,SAW,000,000,000,000,000,SAE,GFN,SAW,000,000,000
000,000,000,GAN,GAN,SBW,000,000,000,IAS,SAS,CAS,WAN,SBW,000,000,000
000,000,000,GAN,GAN,CAW,SAS,SAS,SAS,CAS,GBN,GCS,GAN,CAW,SAS,SAS,000
000,000,000,000,000,000,000,000,000,000,000,000,000,000,000,000,000
000,000,000,000,000,000,000,000,000,000,000,000,000,000,000,000,000
000,000,000,000,000,000,000,000,000,000,000,000,000,000,000,000,000
INC
000,000,000,000,000,000,000,000,000,000,000,000,000,000,000,000,000
000,000,000,000,SAW,000,000,000,000,000,000,000,000,000,000,000,000
000,000,000,000,CAW,SAS,SAS,SAS,SAS,SAS,SAS,SAS,SAS,SAS,IAW,000,000
000,000,000,000,000,000,WAS,WAS,GAN,GAN,WAS,000,000,000,SAW,000,000
000,000,000,000,000,000,GAN,WAN,GAN,GAN,GAN,000,000,000,SAW,000,000
000,000,000,000,000,000,GAN,GAN,GBN,GEN,GBN,000,000,000,SAW,000,000
000,000,000,000,000,000,000,000,000,000,000,000,000,000,SAW,000,000
000,000,000,000,000,000,000,000,000,000,000,000,000,000,SAW,000,000
000,000,000,000,000,000,000,000,000,000,000,000,000,000,SAW,000,000
000,000,000,000,000,000,000,000,000,000,000,000,000,000,SBW,000,000
000,000,000,000,000,000,000,000,000,000,000,000,000,000,SAW,000,000
000,000,000,000,000,000,GAN,GAN,GAN,GAN,GAN,000,000,000,SAW,000,000
000,000,000,000,000,000,GAN,GBN,GAN,000,000,000,000,000,CBW,SAS,000
000,000,000,000,000,000,000,000,000,000,000,000,000,000,000,000,000
000,000,000,000,000,000,000,000,000,000,000,000,000,000,000,000,000
000,000,000,000,000,000,000,000,000,000,000,000,000,000,000,000,000
000,000,000,000,000,000,000,000,000,000,000,000,000,000,000,000,000
INC
000,000,000,000,000,000,000,000,000,000,000,000,000,000,000,000,000
000,000,000,000,000,CAW,SAS,SAS,SAS,SAS,SAS,SAS,SAS,SAS,SAS,IAW,000
000,000,000,000,000,000,000,000,000,000,000,000,000,000,000,SAW,000
000,000,000,000,000,000,000,000,000,000,000,000,000,000,000,SAW,000
000,000,000,000,000,000,000,000,000,000,000,000,000,000,000,SAW,000
000,000,000,000,000,000,000,000,000,000,000,000,000,000,000,SAW,000
000,000,000,000,000,000,000,000,000,000,000,000,000,000,000,SAW,000
000,000,000,000,000,000,000,000,000,000,000,000,000,000,000,SAW,000
000,000,000,000,000,000,000,000,000,000,000,000,000,000,000,SAW,000
000,000,000,000,000,000,000,000,000,000,000,000,000,000,000,SAW,000
000,000,000,000,000,000,000,000,000,000,000,000,000,000,000,SAW,000
000,000,000,000,000,000,000,000,000,000,000,000,000,000,000,CAW,000
000,000,000,000,000,000,000,000,000,000,000,000,000,000,000,000,000
000,000,000,000,000,000,000,000,000,000,000,000,000,000,000,000,000
000,000,000,000,000,000,000,000,000,000,000,000,000,000,000,000,000
000,000,000,000,000,000,000,000,000,000,000,000,000,000,000,000,000
000,000,000,000,000,000,000,000,000,000,000,000,000,000,000,000,000